0
0
-1
-1
-1
-1
0
-1
-1
-1
-1
0
-1
-1
0
0
1
0
1
0
-1
0
0
1
0
0
1
1
0
1
1
1
1
1
0
0
0
0
0
0
0
0
1
3
-6
0
-4
0
-2
1
-1
-1
0
-2
-2
-2
-2
-1
-2
-1
-2
-1
-3
-3
-2
-1
-1
-2
-3
-1
-1
-2
-2
-1
-1
-2
-2
-1
-2
-1
-1
-1
-1
-2
-1
-1
-1
-1
-1
-2
0
-1
0
0
-1
0
0
-1
-1
-1
-1
-1
0
0
0
0
0
0
0
-1
-1
0
-1
0
-1
-1
0
-1
-1
-1
-1
0
-1
-1
0
-1
-1
-1
0
-1
-1
-1
-1
0
-1
-1
-1
0
-1
-1
-1
-1
0
-1
-1
0
-1
-2
-2
-1
0
0
-1
0
0
0
0
-1
-1
0
0
-1
0
0
0
0
0
0
0
0
0
0
0
-1
-1
0
0
-1
-1
1
0
0
0
1
1
0
1
1
1
1
1
0
2
2
1
1
1
1
0
0
0
0
-1
-1
-2
-2
-2
-2
-3
-4
-4
-4
-4
-4
-4
-4
-4
-3
-3
-3
-2
-2
0
0
1
2
3
3
4
5
4
5
6
6
6
6
6
5
5
6
5
5
4
3
3
1
1
0
-1
-2
-4
-5
-6
-7
-9
-9
-10
-12
-11
-12
-13
-12
-13
-11
-11
-9
-7
-5
-3
-1
3
5
8
12
14
17
19
21
23
23
25
25
26
21
21
17
16
13
12
7
2
-3
-9
-15
-20
-25
-30
-37
-43
-49
-53
-57
-61
-62
-61
-61
-56
-51
-42
-32
-20
-6
9
24
40
56
69
82
92
100
106
107
105
102
94
85
72
58
43
27
8
-9
-26
-42
-58
-72
-86
-97
-108
-116
-122
-128
-133
-133
-136
-121
-114
-110
-78
-63
-38
-8
27
41
83
100
117
129
146
137
144
139
127
113
106
82
68
53
30
10
-3
-28
-46
-56
-72
-81
-83
-88
-88
-77
-72
-59
-43
-11
-14
29
42
60
77
99
86
108
99
87
73
61
25
15
-16
-44
-66
-87
-117
-130
-148
-164
-166
-173
-159
-160
-126
-115
-76
-51
-6
18
66
88
122
139
162
166
178
172
168
157
144
123
103
79
52
37
8
-10
-22
-38
-50
-49
-59
-56
-54
-55
-57
-53
-60
-65
-68
-80
-89
-102
-111
-132
-94
-153
-105
-99
-100
-70
-30
-27
8
52
58
73
113
104
110
134
122
114
131
117
94
108
84
60
58
40
4
4
-20
-48
-52
-60
-80
-57
-68
-58
-31
-18
-11
30
37
47
75
72
66
77
57
37
26
-4
-38
-51
-88
-118
-138
-170
-187
-183
-199
-207
-161
-170
-136
-91
-55
-29
38
70
94
147
167
174
206
212
199
209
200
168
162
137
98
82
52
18
0
-17
-42
-50
-51
-64
-55
-47
-52
-40
-35
-47
-38
-48
-67
-69
-93
-109
-131
-147
-182
-151
-164
-218
-81
-191
-62
-100
24
-55
109
64
121
142
182
146
197
189
161
175
173
120
131
113
65
53
45
-17
-17
-29
-32
-84
-3
-57
-27
16
2
15
59
36
34
55
6
-6
-15
-72
-97
-116
-172
-199
-220
-259
-257
-209
-316
-148
-234
-115
-132
11
-35
95
130
155
201
251
234
253
275
236
216
232
156
144
119
70
18
23
-43
-52
-32
-110
-30
-82
-34
-38
7
-13
32
30
16
27
7
-25
-45
-78
-125
-156
-190
-245
-268
-282
-229
-343
-187
-219
-185
-82
-35
14
77
190
162
253
288
264
294
294
257
219
233
146
123
100
38
-8
-7
-73
-51
-74
-72
-36
-42
-8
15
41
45
72
67
47
40
9
-42
-73
-125
-182
-223
-271
-324
-354
-365
-275
-417
-209
-228
-182
-46
22
88
158
301
261
345
395
334
356
334
277
205
208
98
43
32
-53
-92
-93
-88
-148
-54
-59
-46
35
50
70
115
134
95
125
71
20
-2
-88
-147
-201
-266
-335
-370
-421
-475
-366
-370
-414
-164
-202
-94
67
160
187
339
423
364
461
465
348
369
306
183
118
98
-58
-78
-99
-174
-196
-69
-177
-117
72
-37
108
190
147
188
257
159
122
157
-13
-45
-81
-231
-282
-305
-413
-452
-441
-530
-517
-319
-396
-338
-35
-105
45
263
300
319
511
516
402
519
437
252
286
166
-8
-35
-68
-240
-204
-179
-259
-194
-42
-44
-63
324
115
255
424
243
281
326
156
54
97
-118
-231
-162
-386
-411
-354
-494
-493
-450
-516
-565
-226
-287
-395
195
-52
121
382
420
326
551
583
315
437
420
49
149
57
-179
-196
-123
-295
-288
-70
-201
-115
105
113
214
366
387
365
416
360
203
220
53
-79
-93
-228
-326
-319
-367
-441
-373
-411
-445
-442
-435
-559
-27
-382
-259
327
-163
292
380
394
343
509
531
177
390
271
-90
71
-54
-263
-204
-124
-248
-215
66
-69
19
302
194
360
497
354
424
356
244
111
90
-93
-198
-154
-315
-340
-280
-369
-364
-317
-378
-438
-397
-560
-357
30
-716
320
0
-8
415
429
310
437
528
377
77
464
-52
-133
36
-220
-324
-125
-135
-242
-1
172
5
249
464
266
457
568
265
329
290
5
-32
-53
-264
-291
-212
-341
-352
-221
-330
-372
-277
-459
-459
-604
-257
-78
-741
463
-38
-16
584
413
304
512
497
300
31
384
-152
-264
13
-310
-364
-72
-100
-167
124
292
132
353
551
377
451
478
298
122
156
-68
-220
-154
-288
-323
-225
-253
-292
-199
-258
-376
-368
-463
-668
-505
117
-850
138
325
-167
455
661
300
464
511
464
-114
249
55
-471
-137
-139
-462
-165
51
-65
70
432
336
275
631
423
352
461
228
68
16
-79
-253
-238
-187
-309
-194
-87
-243
-137
-183
-377
-407
-537
-765
-556
74
-931
189
353
-99
531
779
346
526
491
460
-201
104
-11
-592
-271
-146
-472
-135
132
97
194
528
494
352
536
544
284
147
309
-124
-230
-30
-296
-323
-89
-142
-175
-4
-49
-195
-272
-300
-664
-670
-931
-182
-380
-767
702
106
125
990
603
441
528
463
101
-353
1
-324
-791
-126
-247
-375
161
339
262
488
678
512
330
470
403
-61
44
82
-373
-216
-52
-261
-174
63
15
-73
41
-62
-406
-421
-623
-873
-1155
-242
-186
-1002
795
496
82
1039
935
402
408
394
106
-667
-294
-216
-953
-342
68
-223
182
658
567
515
685
657
168
72
211
-39
-429
17
-82
-379
71
187
-91
129
271
50
-131
-99
-379
-784
-793
-928
-1338
-528
202
-898
708
1000
374
944
1129
460
225
-20
34
-852
-810
-230
-733
-513
299
285
407
803
900
679
420
477
85
-414
-182
-76
-525
-156
213
-39
131
507
277
86
238
110
-327
-445
-483
-925
-1101
-926
-1140
-780
601
-388
542
1400
661
745
1014
286
17
-537
-288
-753
-1090
-301
-162
-321
525
790
730
826
784
640
81
-130
-170
-614
-749
115
-80
-205
714
545
234
602
394
-8
-204
-126
-384
-878
-618
-720
-1113
-834
-662
-738
590
324
183
1310
781
362
663
55
-175
-620
-600
-388
-773
-363
375
127
515
902
780
634
380
246
-41
-553
-412
-365
-468
-33
449
472
528
726
545
186
80
-121
-410
-530
-466
-532
-680
-578
-587
-689
-520
-598
216
648
-200
772
965
95
276
282
-178
-423
-566
-147
-312
-483
380
467
235
648
719
442
178
-9
43
-393
-556
-110
-162
89
614
589
591
554
335
107
-194
-307
-403
-509
-375
-382
-467
-452
-532
-629
-547
-751
142
598
-314
653
1006
143
265
262
-54
-350
-652
-144
-153
-552
285
582
291
524
666
508
145
-194
24
-276
-642
-125
100
37
619
665
595
518
176
99
-189
-481
-315
-423
-413
-234
-382
-369
-471
-653
-580
-808
-241
733
-218
304
1135
410
142
310
-31
-196
-723
-401
43
-445
-44
694
491
449
593
528
296
-305
-230
-85
-562
-425
105
126
864
705
500
822
104
-228
-78
-542
-495
-414
-303
-66
-392
-329
-280
-702
-692
-833
-429
764
-215
134
1246
539
92
378
-54
-145
-712
-609
90
-313
-232
717
656
455
563
474
375
-282
-473
-89
-412
-473
169
346
659
744
576
665
114
-302
-126
-443
-563
-311
-244
-119
-255
-347
-339
-672
-750
-843
-542
733
26
47
1147
758
104
235
-97
-144
-659
-786
17
-33
-220
583
821
586
502
311
336
-181
-666
-272
-219
-448
-23
473
1122
716
348
788
164
-617
-309
-326
-524
-439
-143
121
-271
-444
-303
-639
-879
-1069
-305
873
-182
138
1338
747
75
121
-107
-139
-798
-884
137
19
-179
625
927
668
452
194
313
-219
-783
-366
-166
-339
-5
477
1253
817
213
706
231
-687
-439
-314
-415
-398
-209
191
-131
-536
-350
-612
-915
-1115
-315
864
-25
88
1261
880
134
-8
-162
-136
-708
-996
17
198
-67
492
931
785
498
76
176
-93
-744
-549
-158
-166
138
396
957
1116
335
263
314
-433
-588
-402
-347
-235
-281
-42
24
-450
-587
-612
-797
-1121
-36
703
-12
362
1073
682
302
-155
-236
-151
-693
-849
3
139
153
510
755
814
498
23
72
-140
-626
-481
-270
-24
289
423
1017
937
224
273
96
-467
-473
-463
-324
-192
-300
-116
-169
-531
-658
-694
-941
-412
679
88
166
903
742
319
53
-291
-110
-403
-849
-232
167
100
371
626
708
668
142
14
19
-385
-518
-303
-131
198
432
764
814
474
264
100
-264
-393
-417
-400
-264
-246
-257
-288
-451
-676
-705
-781
-442
640
249
87
798
760
261
68
-300
-192
-258
-736
-363
193
166
326
570
615
683
265
-52
17
-217
-426
-321
-88
332
503
404
644
640
144
-50
-125
-290
-357
-480
-362
-193
-453
-571
-529
-698
-680
-508
328
589
151
414
778
373
49
-238
-295
-179
-408
-512
1
280
306
441
515
593
465
48
-88
-51
-241
-267
15
210
254
332
450
491
264
-5
-53
-124
-295
-432
-460
-355
-448
-663
-682
-699
-583
-279
342
523
323
505
633
302
15
-246
-316
-262
-371
-365
-6
244
360
472
507
556
439
145
-7
-62
-154
-163
-24
121
194
313
413
334
192
59
-73
-186
-331
-471
-482
-513
-665
-765
-765
-588
-205
264
494
423
529
583
315
28
-185
-302
-309
-354
-309
-52
172
319
462
540
577
475
234
74
-5
-111
-94
-52
0
153
244
263
277
166
39
-60
-224
-355
-440
-506
-606
-741
-802
-708
-377
-96
186
421
507
654
783
257
-88
-7
-208
-408
-363
-331
-90
174
207
406
583
518
474
427
223
88
4
-108
-90
-34
24
123
139
131
112
-11
-114
-204
-295
-372
-522
-625
-666
-556
-435
-337
130
334
238
363
381
199
129
-54
-171
-86
-142
-155
10
77
165
265
252
310
332
214
179
193
164
117
63
95
119
40
6
32
27
-7
-72
-111
-95
-194
-326
-374
-436
-509
-492
-419
-356
-217
-50
50
157
228
209
189
166
121
87
61
62
101
113
116
137
160
181
185
188
221
231
195
178
165
110
56
3
-38
-46
-83
-112
-113
-106
-106
-174
-223
-222
-271
-343
-348
-288
-254
-233
-166
-93
-12
62
74
89
130
136
130
135
124
133
132
100
118
138
127
145
171
184
189
161
142
123
77
41
15
-15
-34
-65
-91
-81
-85
-124
-146
-148
-153
-167
-204
-216
-190
-163
-153
-150
-110
-51
-21
-26
1
46
52
58
67
92
104
88
85
106
119
104
106
124
111
116
107
100
86
69
58
27
7
-7
-25
-48
-46
-42
-86
-88
-71
-78
-86
-110
-102
-81
-95
-107
-80
-73
-86
-61
-51
-40
-14
-29
12
11
10
35
20
22
40
41
50
55
59
43
49
77
47
46
51
45
28
14
4
11
-17
-25
8
-25
-27
-28
-26
-41
-30
-47
-32
-12
-32
-19
-24
-29
-25
-35
-10
-24
-11
-11
-19
-3
14
-9
-10
-2
14
4
-9
14
-5
-15
-7
31
6
-13
1
6
-1
-3
-6
-7
-2
-11
25
16
-19
-15
-16
4
13
-14
13
1
-12
1
-32
-15
2
-18
-4
-11
-1
-4
-3
-6
5
9
0
1
5
4
1
5
4
14
7
-25
9
50
2
-19
-10
4
7
-3
-9
4
-19
-7
23
-17
-21
15
8
-18
29
-6
-6
-5
-27
22
19
-29
30
9
-26
2
-17
-11
18
5
15
1
-4
10
-14
25
-2
-25
13
-9
-2
4
15
-19
5
9
11
-9
7
18
-26
2
0
-10
-4
1
-11
2
30
-18
-17
3
-14
5
3
4
20
-1
10
-28
-11
33
-16
-14
20
5
0
1
1
13
24
-17
29
38
27
-22
-45
-2
8
-12
34
-7
-27
8
-3
35
-12
0
13
7
0
-8
-9
-9
1
31
4
-49
-13
60
17
-9
3
-17
-28
-4
26
3
-2
13
12
-15
37
-15
30
27
-11
0
-10
-23
25
-4
-13
31
-15
4
8
-13
57
-5
-38
22
-15
4
20
36
31
-24
-20
-24
-23
30
7
0
4
-6
11
-15
1
25
15
22
4
28
-7
-12
-12
-2
6
-19
38
25
-25
-17
-14
33
8
-23
-4
27
32
-7
-21
6
11
-12
16
-15
-3
19
-2
-3
8
-9
14
-1
-3
-4
5
1
0
-3
-7
1
-15
3
3
1
-8
21
7
1
-5
-1
21
17
24
9
13
7
3
-19
13
19
-8
-13
-21
-11
-7
0
-14
7
-4
8
-7
7
-9
-2
-17
-5
0
-7
-17
-5
-27
12
1
0
11
17
11
10
12
17
-11
-31
-13
-3
-18
7
-1
-4
-9
-5
-12
27
5
18
18
22
-4
3
-17
-8
0
6
18
22
2
8
8
-4
2
-27
9
0
18
-16
-12
-10
18
3
32
-5
-10
-24
9
-16
-3
15
7
2
0
3
13
9
1
-28
-1
13
5
-12
4
-3
-11
3
-9
11
-9
0
-2
-8
5
11
3
-1
-1
0
5
8
8
-7
5
-2
11
2
19
10
-16
-10
7
-1
-3
-6
1
-1
6
2
-11
0
0
0
11
-13
-6
3
5
-5
4
-4
-8
6
-2
11
13
4
-1
0
-8
-10
-1
-7
-12
3
16
-8
-14
4
5
-7
7
1
-5
-2
6
-11
-8
-6
16
11
-1
4
4
-14
6
1
3
1
3
-2
-3
-7
-3
-2
-7
-5
-7
-2
-2
13
4
13
-14
5
8
-1
-6
12
-14
4
1
-9
0
12
0
-1
-2
-2
-3
-5
1
-1
-7
-8
0
14
12
5
-4
-14
6
3
-6
-1
0
-11
8
1
-11
2
10
3
3
1
-2
-2
-16
8
-1
-5
-5
-7
-2
9
5
8
-4
0
4
-1
-2
8
-17
1
-7
0
5
3
4
12
-1
-15
3
6
-2
-8
-9
-2
0
-8
-2
-10
-1
-8
6
6
3
10
-3
-3
-1
-6
-5
4
-7
-4
-4
-3
2
-1
-1
4
-5
13
-4
1
-5
-2
-3
1
3
5
-18
4
4
-11
0
0
6
-4
-5
-14
4
1
2
-3
0
2
-5
-1
7
-9
6
-14
4
-4
-2
1
-3
-1
-1
12
-2
-1
-5
-4
-8
6
2
2
-1
4
-1
0
8
3
8
-1
1
-9
-5
-1
-5
-12
2
6
-6
-4
11
-1
3
7
-1
-1
-9
6
-8
5
-14
6
-4
2
3
15
-9
-2
-11
-5
0
-2
-6
11
2
7
7
2
12
-6
-1
5
2
-6
-15
-5
11
-3
9
-4
-4
-8
12
8
-15
4
10
0
0
-4
-12
16
-3
-14
6
-2
-3
-3
-3
14
24
-16
-1
-3
3
-17
-10
6
7
-4
-3
1
1
-8
16
-7
-7
3
-9
-8
9
2
0
-6
-6
1
5
1
14
-5
-6
4
-2
-5
-8
-6
6
-1
-3
6
-5
2
11
-13
11
2
-14
1
5
-4
0
-2
1
-1
-9
11
-1
-4
1
-8
4
-1
-19
0
5
2
-2
7
-2
5
-2
-3
-4
0
-5
-14
-4
6
-11
9
-1
8
0
13
-2
-3
-3
-1
-4
-9
-11
-11
3
-7
13
1
2
5
6
-13
-1
14
-7
-3
-15
7
-7
1
-10
13
-13
-4
13
8
-1
9
-12
4
-1
-6
-14
5
-11
-9
-1
0
-3
4
7
1
-2
9
-7
-11
-2
8
2
-4
-9
-4
-16
4
-8
-22
15
4
8
4
-12
-11
11
10
0
1
-9
-6
-7
6
-8
-11
-4
-2
-2
2
2
-1
2
2
-4
-4
-11
11
2
-2
-6
3
0
-2
-3
0
5
6
-5
-1
0
-16
-1
8
-10
0
-1
1
0
3
3
2
-5
-7
1
1
-5
-1
-11
-7
13
-7
-5
-1
1
8
-4
-18
-1
3
5
8
9
-10
-12
6
4
3
-16
1
-13
-9
16
4
-10
3
-8
4
-3
-4
4
6
-6
-12
12
13
-4
-10
7
7
6
5
-13
-1
3
0
-6
11
-5
5
-6
2
-9
6
4
-15
4
0
14
-13
4
-2
-19
3
1
3
2
-16
10
6
1
-1
10
-5
-15
-4
5
-6
-7
4
3
3
-3
6
-12
-12
5
5
3
-7
-1
4
4
10
-10
-13
14
-1
-5
7
-1
-11
7
-3
-7
3
7
-7
10
2
6
2
-24
5
-5
5
-4
-5
5
-3
2
5
-10
0
4
-1
6
3
-8
2
-10
5
-2
6
-10
1
-5
11
6
-7
1
-2
5
-14
-1
4
-6
-2
-11
-2
10
-9
-4
-5
8
-8
5
9
-7
-8
-2
-8
9
-7
-9
7
-14
5
-5
-3
-1
1
3
-12
-6
11
-8
-1
1
2
-3
5
-9
-6
-5
15
-3
-9
-3
-2
-5
3
4
-4
-11
8
-11
1
7
-1
-5
10
4
-10
8
-1
-3
-7
-12
-15
0
-9
3
-1
2
0
13
-6
10
-7
-3
-10
-7
2
0
-3
-2
-6
-5
-5
9
-4
-1
-6
7
-4
-7
3
-3
-1
-12
2
19
-6
-5
2
-17
-1
2
5
5
13
2
0
-6
4
-5
8
-6
2
1
-7
-1
2
-7
-1
3
11
-10
4
10
-18
7
1
5
1
-8
-13
5
1
-4
-6
-1
0
-2
-1
11
4
-2
-5
4
-5
0
-4
-8
-4
-1
-1
-2
-10
-6
8
-5
13
1
-3
-7
-3
-10
8
-5
9
0
-1
-10
8
-11
6
7
-4
-9
2
-2
4
-5
1
3
4
-5
-3
-6
5
-7
9
-4
-8
1
10
-9
6
2
-10
-2
1
4
-5
-6
-3
3
-12
4
3
-7
-10
8
3
9
-3
-6
-14
2
3
14
-5
-3
4
-2
-3
-3
-1
6
2
-3
12
-3
-2
-8
3
3
12
-4
-6
-8
4
8
-12
10
-8
9
-9
-2
0
5
10
1
3
2
-5
1
9
7
-11
5
-2
-4
-5
-3
7
10
-17
2
5
8
8
4
-4
-1
7
2
-2
-11
5
0
0
-5
8
2
-6
-9
6
0
-2
-2
4
7
-15
-5
-3
2
0
-5
2
-3
1
-6
-2
7
12
-4
2
-4
8
-3
-9
-3
-7
9
-5
5
0
-16
6
-5
-4
-10
15
-8
-3
10
-4
-4
-5
7
-5
-7
-1
6
2
-19
5
-1
-4
-6
-4
18
0
-9
7
-6
-7
-10
2
-5
8
2
0
-12
-9
0
-14
10
10
1
-2
0
6
-13
8
-5
6
0
-7
-2
-5
-1
13
-2
-3
32
9
-8
7
34
14
21
14
18
10
22
-7
-4
-15
-11
-15
-24
-9
-12
-36
-39
-30
-10
-32
11
-11
3
-13
-7
7
30
6
12
3
29
19
21
6
46
37
-1
-1
32
47
13
37
27
-11
5
3
-12
-25
-26
-14
-23
-15
0
-17
-35
-19
-10
-4
-8
9
-7
-12
-3
11
21
24
22
17
6
34
4
14
-10
-14
-20
9
-24
-21
-22
-19
-32
3
-7
-7
-26
-12
-11
-1
-7
-3
-2
-6
3
1
19
11
16
4
7
14
27
8
10
-2
2
18
3
-18
-6
11
33
49
38
23
11
2
-3
-18
-20
-31
-40
-37
-28
-22
-34
-37
-29
-10
-10
7
17
1
2
8
-8
13
23
15
11
27
28
16
9
5
7
-4
-11
-11
-9
-4
-14
-11
-9
-12
-4
2
-3
-6
8
-2
-6
4
5
-9
13
15
19
5
15
14
7
2
10
-5
0
-2
-5
-11
-3
-13
-10
-8
-1
1
-6
-1
-1
4
-1
-1
4
4
0
4
7
10
-1
9
-2
10
7
2
7
10
-20
-5
-3
-2
-7
-6
-4
-14
-12
10
-9
-7
-6
-7
10
1
7
-1
-7
6
12
1
2
-2
-3
-4
2
4
-2
-8
9
0
-1
0
-6
13
-3
-10
-2
-14
-7
-1
4
5
8
8
13
-9
-9
-4
-8
-4
5
5
2
-11
0
15
0
-8
-6
12
-1
0
-8
-18
-10
-3
12
14
-4
6
-2
1
1
-6
-9
-9
5
8
-6
-2
-4
-3
-1
2
13
11
4
-12
-18
9
3
-16
-9
2
0
-1
12
7
-8
-21
2
16
14
1
-2
-5
7
10
-16
1
11
7
5
-8
-2
-8
-14
-2
-8
0
6
-2
-5
-5
-7
1
6
-1
4
0
-14
-8
-6
-1
-3
-4
4
-1
-1
3
5
-5
-6
13
10
2
2
0
5
1
5
0
-12
-13
-13
-6
-4
0
8
7
3
0
-4
-6
-3
-11
-5
10
9
1
1
3
2
-9
-11
-13
-7
7
5
1
4
2
-3
-6
-5
-3
2
-6
-3
5
-4
-11
-15
-7
5
7
8
14
5
3
-4
-8
-3
3
14
12
11
11
5
-6
0
12
14
10
5
5
-10
-14
-11
-12
-7
-7
0
11
6
5
5
1
3
4
6
4
2
14
3
1
2
-1
-9
-12
-10
-7
-8
-3
5
9
4
4
0
1
1
4
4
5
7
8
14
14
10
0
-1
-2
-5
-13
-13
-11
-9
-10
-9
-6
-11
-17
-11
-6
-3
-8
-12
-10
-3
2
1
6
21
24
20
14
14
13
11
4
2
4
-6
-12
-8
-15
-17
-24
-26
-11
-12
-18
-16
-20
-8
-3
5
20
17
16
16
8
11
3
0
6
3
0
-9
-9
-11
-22
-24
-22
-10
-1
-3
-3
-6
-12
-11
-8
-3
-1
1
6
15
19
18
12
2
1
6
8
6
5
5
2
-3
-8
-8
-10
-16
-10
-1
11
6
3
-8
-8
-3
-5
1
3
13
13
11
12
6
2
1
0
14
6
1
-7
-10
-9
-11
-12
-5
-4
2
4
4
2
-4
-5
-5
3
6
0
-6
8
5
4
6
8
12
1
-5
5
5
8
-6
0
4
-1
-7
-6
0
4
-5
-7
-12
-10
-11
-13
-11
-2
4
7
2
4
4
5
5
5
11
9
5
-4
-1
11
8
-2
-6
-9
1
-6
-14
-20
-12
-9
-2
-3
9
14
10
4
3
4
2
-7
7
2
6
-3
-6
6
8
5
-8
-18
-14
-16
-14
-15
-7
-3
-4
-4
-1
-3
-10
-9
-2
5
4
3
-1
5
11
13
8
-1
-3
-2
-1
5
-4
-2
-7
-8
-5
-5
-2
-5
-2
2
2
6
3
1
3
-2
6
9
12
12
6
5
3
-4
-3
-4
1
-1
0
-3
-2
-6
-9
-4
1
3
-6
-8
-9
-7
-2
-3
6
2
3
10
11
5
-5
-9
-6
-5
0
1
5
1
-4
-4
-2
0
1
-7
-4
0
1
2
-1
2
4
-1
-1
-1
-4
-6
-9
-6
-5
-6
-6
-6
0
-1
-3
-3
-2
1
-1
0
3
6
12
6
5
1
-2
-3
-3
-2
-3
-6
-4
-2
-3
-2
-8
-9
-13
-15
-9
-10
-8
-7
-2
4
1
2
-2
1
0
-3
0
-2
-2
-2
1
5
-1
-6
-9
-9
-6
-9
-9
-9
-5
-1
-1
1
-2
0
2
-1
0
0
4
3
-2
1
3
3
-3
-6
-1
2
4
3
1
-5
-8
-9
-4
5
8
4
-3
-4
-1
1
-4
-2
-5
-6
-6
-7
-1
-2
-4
-6
-4
-2
3
0
2
1
1
0
-1
2
1
2
-2
-1
3
5
6
1
-2
-2
-2
-2
-5
-3
-2
1
2
3
1
-4
-11
-8
1
5
4
2
0
5
6
1
-3
-2
-2
-1
-9
-8
-4
-7
-10
-13
-8
-3
-2
-6
-6
-6
-1
1
1
4
6
6
3
1
6
11
4
0
-3
2
2
-4
-7
-3
-4
-6
-8
-4
0
-2
-9
-7
-6
-3
0
-3
2
6
7
6
3
2
2
-1
-1
2
2
1
-1
1
1
-2
-5
-7
-2
-2
1
2
2
2
0
0
1
-4
-4
-2
0
2
-1
-1
-1
-2
-5
-2
-2
2
0
1
2
4
2
1
6
9
4
-1
-3
3
3
-2
-5
-2
-2
-2
-4
-5
-5
-5
-2
1
1
0
0
0
4
5
4
1
0
3
3
4
4
1
1
1
1
1
-4
-6
-4
-7
-7
-9
-5
-2
-6
-6
-4
-1
1
-3
-2
0
-1
0
0
0
0
-1
0
-1
0
-2
-4
-7
-9
-7
-9
-9
-8
-7
-6
-4
-1
0
1
2
3
4
6
8
7
4
3
2
4
1
-2
-3
-2
-3
-5
-10
-8
-7
-8
-9
-8
-5
-1
-1
-1
-1
-1
2
3
6
7
6
6
4
6
5
4
1
0
1
-2
-4
-5
-5
-4
-5
-4
-5
-5
-5
-3
-2
-3
-2
-3
-4
-3
-1
-2
-6
-7
-6
-6
-8
-10
-11
-10
-10
-8
-10
-8
-7
-7
-7
-8
-7
-3
1
1
3
1
4
3
4
6
5
4
3
3
5
3
0
-2
0
4
5
5
1
0
2
1
0
0
2
5
7
9
9
8
7
6
6
4
3
3
3
6
6
3
0
-2
-2
0
0
0
0
1
5
6
6
4
2
3
4
3
2
2
2
2
4
4
3
0
-2
-3
-1
-2
-3
-3
0
2
0
-2
-3
-2
0
0
1
0
0
0
0
-1
-3
-2
1
2
2
1
-1
-3
-2
-1
-2
-3
-3
-2
-2
-3
-2
-3
-3
-2
0
1
1
-2
-1
0
-1
-2
-2
-2
-1
0
0
-2
-4
-4
-3
-2
-2
-1
-1
-1
1
0
0
-1
-1
1
2
3
3
3
3
7
8
5
4
5
6
6
3
3
2
1
1
0
1
2
3
0
-1
-3
-2
-1
-2
0
1
0
1
2
2
2
1
1
1
3
4
4
4
1
0
2
4
4
2
3
2
2
1
2
1
0
0
1
1
2
2
2
1
2
2
2
2
3
4
5
4
3
3
4
6
6
5
5
5
6
5
3
2
3
4
4
3
3
3
3
1
2
3
4
4
4
6
7
6
4
5
7
6
5
3
4
4
2
2
1
2
2
2
1
2
2
0
0
2
3
4
4
4
6
7
3
3
4
5
5
4
4
5
5
3
3
3
3
3
2
2
2
2
1
3
2
3
3
3
3
3
2
3
4
5
5
5
5
5
3
1
1
2
1
0
0
-1
-1
-2
-1
-2
-2
-1
-2
-2
-2
-2
-2
-3
-3
-3
-1
-1
-1
-1
0
-1
-2
-2
-3
-3
-2
-3
-2
-1
-1
-3
-4
-4
-3
-2
-2
-2
-3
-1
-2
-3
-2
-1
-1
0
1
1
1
0
-1
0
0
0
-1
-1
0
0
-1
-1
-1
0
0
0
-1
0
0
0
0
0
1
2
2
2
3
2
2
2
1
2
2
3
3
4
4
4
3
3
2
3
4
2
3
3
5
